# OUTER WALLS - 74 wide, 16 high, mixed materials
# North wall
fill ‾-37 ‾ ‾-37 ‾37 ‾14 ‾-35 stone_bricks
fill ‾-36 ‾ ‾-36 ‾36 ‾14 ‾-36 air
fill ‾-37 ‾ ‾-37 ‾37 ‾1 ‾-35 mossy_stone_bricks
# South wall
fill ‾-37 ‾ ‾35 ‾37 ‾14 ‾37 stone_bricks
fill ‾-36 ‾ ‾36 ‾36 ‾14 ‾36 air
fill ‾-37 ‾ ‾35 ‾37 ‾1 ‾37 mossy_stone_bricks
# West wall
fill ‾-37 ‾ ‾-37 ‾-35 ‾14 ‾37 stone_bricks
fill ‾-36 ‾ ‾-36 ‾-36 ‾14 ‾36 air
fill ‾-37 ‾ ‾-37 ‾-35 ‾1 ‾37 mossy_stone_bricks
# East wall
fill ‾35 ‾ ‾-37 ‾37 ‾14 ‾37 stone_bricks
fill ‾36 ‾ ‾-36 ‾36 ‾14 ‾36 air
fill ‾35 ‾ ‾-37 ‾37 ‾1 ‾37 mossy_stone_bricks

# Deepslate trim band at mid height
fill ‾-37 ‾7 ‾-37 ‾37 ‾7 ‾-35 deepslate_brick_slab[type=top]
fill ‾-37 ‾7 ‾35 ‾37 ‾7 ‾37 deepslate_brick_slab[type=top]
fill ‾-37 ‾7 ‾-37 ‾-35 ‾7 ‾37 deepslate_brick_slab[type=top]
fill ‾35 ‾7 ‾-37 ‾37 ‾7 ‾37 deepslate_brick_slab[type=top]

# Chiseled stone brick accents
setblock ‾-20 ‾7 ‾-37 chiseled_stone_bricks
setblock ‾-10 ‾7 ‾-37 chiseled_stone_bricks
setblock ‾0 ‾7 ‾-37 chiseled_stone_bricks
setblock ‾10 ‾7 ‾-37 chiseled_stone_bricks
setblock ‾20 ‾7 ‾-37 chiseled_stone_bricks
setblock ‾-20 ‾7 ‾37 chiseled_stone_bricks
setblock ‾-10 ‾7 ‾37 chiseled_stone_bricks
setblock ‾10 ‾7 ‾37 chiseled_stone_bricks
setblock ‾20 ‾7 ‾37 chiseled_stone_bricks
setblock ‾-37 ‾7 ‾-20 chiseled_stone_bricks
setblock ‾-37 ‾7 ‾-10 chiseled_stone_bricks
setblock ‾-37 ‾7 ‾0 chiseled_stone_bricks
setblock ‾-37 ‾7 ‾10 chiseled_stone_bricks
setblock ‾-37 ‾7 ‾20 chiseled_stone_bricks
setblock ‾37 ‾7 ‾-20 chiseled_stone_bricks
setblock ‾37 ‾7 ‾-10 chiseled_stone_bricks
setblock ‾37 ‾7 ‾0 chiseled_stone_bricks
setblock ‾37 ‾7 ‾10 chiseled_stone_bricks
setblock ‾37 ‾7 ‾20 chiseled_stone_bricks

# Cracked bricks for weathering
setblock ‾-15 ‾3 ‾-37 cracked_stone_bricks
setblock ‾8 ‾5 ‾-37 cracked_stone_bricks
setblock ‾22 ‾2 ‾-37 cracked_stone_bricks
setblock ‾-5 ‾9 ‾-37 cracked_stone_bricks
setblock ‾-18 ‾4 ‾37 cracked_stone_bricks
setblock ‾12 ‾6 ‾37 cracked_stone_bricks
setblock ‾-37 ‾3 ‾-8 cracked_stone_bricks
setblock ‾-37 ‾8 ‾15 cracked_stone_bricks
setblock ‾37 ‾4 ‾-12 cracked_stone_bricks
setblock ‾37 ‾10 ‾5 cracked_stone_bricks

# === BATTLEMENTS (all 4 walls) ===
# North
fill ‾-37 ‾15 ‾-37 ‾37 ‾16 ‾-37 stone_bricks
fill ‾-35 ‾16 ‾-37 ‾-34 ‾16 ‾-37 air
fill ‾-32 ‾16 ‾-37 ‾-31 ‾16 ‾-37 air
fill ‾-29 ‾16 ‾-37 ‾-28 ‾16 ‾-37 air
fill ‾-26 ‾16 ‾-37 ‾-25 ‾16 ‾-37 air
fill ‾-23 ‾16 ‾-37 ‾-22 ‾16 ‾-37 air
fill ‾-20 ‾16 ‾-37 ‾-19 ‾16 ‾-37 air
fill ‾-17 ‾16 ‾-37 ‾-16 ‾16 ‾-37 air
fill ‾-14 ‾16 ‾-37 ‾-13 ‾16 ‾-37 air
fill ‾-11 ‾16 ‾-37 ‾-10 ‾16 ‾-37 air
fill ‾-8 ‾16 ‾-37 ‾-7 ‾16 ‾-37 air
fill ‾-5 ‾16 ‾-37 ‾-4 ‾16 ‾-37 air
fill ‾-2 ‾16 ‾-37 ‾-1 ‾16 ‾-37 air
fill ‾1 ‾16 ‾-37 ‾2 ‾16 ‾-37 air
fill ‾4 ‾16 ‾-37 ‾5 ‾16 ‾-37 air
fill ‾7 ‾16 ‾-37 ‾8 ‾16 ‾-37 air
fill ‾10 ‾16 ‾-37 ‾11 ‾16 ‾-37 air
fill ‾13 ‾16 ‾-37 ‾14 ‾16 ‾-37 air
fill ‾16 ‾16 ‾-37 ‾17 ‾16 ‾-37 air
fill ‾19 ‾16 ‾-37 ‾20 ‾16 ‾-37 air
fill ‾22 ‾16 ‾-37 ‾23 ‾16 ‾-37 air
fill ‾25 ‾16 ‾-37 ‾26 ‾16 ‾-37 air
fill ‾28 ‾16 ‾-37 ‾29 ‾16 ‾-37 air
fill ‾31 ‾16 ‾-37 ‾32 ‾16 ‾-37 air
fill ‾34 ‾16 ‾-37 ‾35 ‾16 ‾-37 air

# South
fill ‾-37 ‾15 ‾37 ‾37 ‾16 ‾37 stone_bricks
fill ‾-35 ‾16 ‾37 ‾-34 ‾16 ‾37 air
fill ‾-32 ‾16 ‾37 ‾-31 ‾16 ‾37 air
fill ‾-29 ‾16 ‾37 ‾-28 ‾16 ‾37 air
fill ‾-26 ‾16 ‾37 ‾-25 ‾16 ‾37 air
fill ‾-23 ‾16 ‾37 ‾-22 ‾16 ‾37 air
fill ‾-20 ‾16 ‾37 ‾-19 ‾16 ‾37 air
fill ‾-17 ‾16 ‾37 ‾-16 ‾16 ‾37 air
fill ‾-14 ‾16 ‾37 ‾-13 ‾16 ‾37 air
fill ‾-11 ‾16 ‾37 ‾-10 ‾16 ‾37 air
fill ‾-8 ‾16 ‾37 ‾-7 ‾16 ‾37 air
fill ‾7 ‾16 ‾37 ‾8 ‾16 ‾37 air
fill ‾10 ‾16 ‾37 ‾11 ‾16 ‾37 air
fill ‾13 ‾16 ‾37 ‾14 ‾16 ‾37 air
fill ‾16 ‾16 ‾37 ‾17 ‾16 ‾37 air
fill ‾19 ‾16 ‾37 ‾20 ‾16 ‾37 air
fill ‾22 ‾16 ‾37 ‾23 ‾16 ‾37 air
fill ‾25 ‾16 ‾37 ‾26 ‾16 ‾37 air
fill ‾28 ‾16 ‾37 ‾29 ‾16 ‾37 air
fill ‾31 ‾16 ‾37 ‾32 ‾16 ‾37 air
fill ‾34 ‾16 ‾37 ‾35 ‾16 ‾37 air

# West
fill ‾-37 ‾15 ‾-37 ‾-37 ‾16 ‾37 stone_bricks
fill ‾-37 ‾16 ‾-35 ‾-37 ‾16 ‾-34 air
fill ‾-37 ‾16 ‾-32 ‾-37 ‾16 ‾-31 air
fill ‾-37 ‾16 ‾-29 ‾-37 ‾16 ‾-28 air
fill ‾-37 ‾16 ‾-26 ‾-37 ‾16 ‾-25 air
fill ‾-37 ‾16 ‾-23 ‾-37 ‾16 ‾-22 air
fill ‾-37 ‾16 ‾-20 ‾-37 ‾16 ‾-19 air
fill ‾-37 ‾16 ‾-17 ‾-37 ‾16 ‾-16 air
fill ‾-37 ‾16 ‾-14 ‾-37 ‾16 ‾-13 air
fill ‾-37 ‾16 ‾-11 ‾-37 ‾16 ‾-10 air
fill ‾-37 ‾16 ‾-8 ‾-37 ‾16 ‾-7 air
fill ‾-37 ‾16 ‾-5 ‾-37 ‾16 ‾-4 air
fill ‾-37 ‾16 ‾-2 ‾-37 ‾16 ‾-1 air
fill ‾-37 ‾16 ‾1 ‾-37 ‾16 ‾2 air
fill ‾-37 ‾16 ‾4 ‾-37 ‾16 ‾5 air
fill ‾-37 ‾16 ‾7 ‾-37 ‾16 ‾8 air
fill ‾-37 ‾16 ‾10 ‾-37 ‾16 ‾11 air
fill ‾-37 ‾16 ‾13 ‾-37 ‾16 ‾14 air
fill ‾-37 ‾16 ‾16 ‾-37 ‾16 ‾17 air
fill ‾-37 ‾16 ‾19 ‾-37 ‾16 ‾20 air
fill ‾-37 ‾16 ‾22 ‾-37 ‾16 ‾23 air
fill ‾-37 ‾16 ‾25 ‾-37 ‾16 ‾26 air
fill ‾-37 ‾16 ‾28 ‾-37 ‾16 ‾29 air
fill ‾-37 ‾16 ‾31 ‾-37 ‾16 ‾32 air
fill ‾-37 ‾16 ‾34 ‾-37 ‾16 ‾35 air

# East
fill ‾37 ‾15 ‾-37 ‾37 ‾16 ‾37 stone_bricks
fill ‾37 ‾16 ‾-35 ‾37 ‾16 ‾-34 air
fill ‾37 ‾16 ‾-32 ‾37 ‾16 ‾-31 air
fill ‾37 ‾16 ‾-29 ‾37 ‾16 ‾-28 air
fill ‾37 ‾16 ‾-26 ‾37 ‾16 ‾-25 air
fill ‾37 ‾16 ‾-23 ‾37 ‾16 ‾-22 air
fill ‾37 ‾16 ‾-20 ‾37 ‾16 ‾-19 air
fill ‾37 ‾16 ‾-17 ‾37 ‾16 ‾-16 air
fill ‾37 ‾16 ‾-14 ‾37 ‾16 ‾-13 air
fill ‾37 ‾16 ‾-11 ‾37 ‾16 ‾-10 air
fill ‾37 ‾16 ‾-8 ‾37 ‾16 ‾-7 air
fill ‾37 ‾16 ‾-5 ‾37 ‾16 ‾-4 air
fill ‾37 ‾16 ‾-2 ‾37 ‾16 ‾-1 air
fill ‾37 ‾16 ‾1 ‾37 ‾16 ‾2 air
fill ‾37 ‾16 ‾4 ‾37 ‾16 ‾5 air
fill ‾37 ‾16 ‾7 ‾37 ‾16 ‾8 air
fill ‾37 ‾16 ‾10 ‾37 ‾16 ‾11 air
fill ‾37 ‾16 ‾13 ‾37 ‾16 ‾14 air
fill ‾37 ‾16 ‾16 ‾37 ‾16 ‾17 air
fill ‾37 ‾16 ‾19 ‾37 ‾16 ‾20 air
fill ‾37 ‾16 ‾22 ‾37 ‾16 ‾23 air
fill ‾37 ‾16 ‾25 ‾37 ‾16 ‾26 air
fill ‾37 ‾16 ‾28 ‾37 ‾16 ‾29 air
fill ‾37 ‾16 ‾31 ‾37 ‾16 ‾32 air
fill ‾37 ‾16 ‾34 ‾37 ‾16 ‾35 air

# Wall walkway
fill ‾-35 ‾14 ‾-35 ‾35 ‾14 ‾-34 stone_brick_slab
fill ‾-35 ‾14 ‾34 ‾35 ‾14 ‾35 stone_brick_slab
fill ‾-35 ‾14 ‾-33 ‾-34 ‾14 ‾33 stone_brick_slab
fill ‾34 ‾14 ‾-33 ‾35 ‾14 ‾33 stone_brick_slab

# Arrow slits
setblock ‾-20 ‾5 ‾-37 air
setblock ‾-20 ‾6 ‾-37 air
setblock ‾-10 ‾5 ‾-37 air
setblock ‾-10 ‾6 ‾-37 air
setblock ‾10 ‾5 ‾-37 air
setblock ‾10 ‾6 ‾-37 air
setblock ‾20 ‾5 ‾-37 air
setblock ‾20 ‾6 ‾-37 air
setblock ‾-20 ‾5 ‾37 air
setblock ‾-20 ‾6 ‾37 air
setblock ‾-10 ‾5 ‾37 air
setblock ‾-10 ‾6 ‾37 air
setblock ‾10 ‾5 ‾37 air
setblock ‾10 ‾6 ‾37 air
setblock ‾20 ‾5 ‾37 air
setblock ‾20 ‾6 ‾37 air
setblock ‾-37 ‾5 ‾-20 air
setblock ‾-37 ‾6 ‾-20 air
setblock ‾-37 ‾5 ‾-10 air
setblock ‾-37 ‾6 ‾-10 air
setblock ‾-37 ‾5 ‾10 air
setblock ‾-37 ‾6 ‾10 air
setblock ‾-37 ‾5 ‾20 air
setblock ‾-37 ‾6 ‾20 air
setblock ‾37 ‾5 ‾-20 air
setblock ‾37 ‾6 ‾-20 air
setblock ‾37 ‾5 ‾-10 air
setblock ‾37 ‾6 ‾-10 air
setblock ‾37 ‾5 ‾10 air
setblock ‾37 ‾6 ‾10 air
setblock ‾37 ‾5 ‾20 air
setblock ‾37 ‾6 ‾20 air

# Banners on walls
setblock ‾-20 ‾13 ‾-37 red_wall_banner[facing=south]
setblock ‾0 ‾13 ‾-37 red_wall_banner[facing=south]
setblock ‾20 ‾13 ‾-37 red_wall_banner[facing=south]
setblock ‾-20 ‾13 ‾37 red_wall_banner[facing=north]
setblock ‾20 ‾13 ‾37 red_wall_banner[facing=north]
setblock ‾-37 ‾13 ‾-20 red_wall_banner[facing=east]
setblock ‾-37 ‾13 ‾0 red_wall_banner[facing=east]
setblock ‾-37 ‾13 ‾20 red_wall_banner[facing=east]
setblock ‾37 ‾13 ‾-20 red_wall_banner[facing=west]
setblock ‾37 ‾13 ‾0 red_wall_banner[facing=west]
setblock ‾37 ‾13 ‾20 red_wall_banner[facing=west]
